COAST_N=321
COAST = [
  [-60.0, 16.0],
  [0.0, 0.0],
  [170.0, 40.0],
  [320.0, 150.0],
  [410.0, 340.0],
  [432.6, 260.3],
  [444.4, 90.7],
  [455.0, -80.0],
  [467.9, -225.5],
  [479.5, -372.2],
  [490.0, -520.0],
  [499.1, -672.4],
  [507.1, -825.9],
  [515.0, -980.0],
  [523.2, -1136.3],
  [531.3, -1293.2],
  [540.0, -1450.0],
  [543.7, -1609.7],
  [547.9, -1769.4],
  [570.0, -1920.0],
  [613.5, -2054.6],
  [672.1, -2181.5],
  [740.0, -2280.0],
  [910.0, -2380.0],
  [880.0, -2520.0],
  [786.3, -2597.3],
  [680.0, -2680.0],
  [609.2, -2791.1],
  [560.0, -2920.0],
  [534.1, -3093.3],
  [530.0, -3280.0],
  [530.2, -3413.6],
  [537.5, -3549.5],
  [560.0, -3680.0],
  [628.4, -3859.9],
  [720.0, -4020.0],
  [813.1, -4125.3],
  [900.0, -4220.0],
  [980.0, -4380.0],
  [940.0, -4580.0],
  [866.0, -4679.7],
  [780.0, -4780.0],
  [702.2, -4893.1],
  [640.0, -5020.0],
  [606.9, -5202.2],
  [600.0, -5400.0],
  [603.1, -5540.1],
  [615.5, -5682.5],
  [640.0, -5820.0],
  [693.7, -6010.0],
  [780.0, -6180.0],
  [918.8, -6311.9],
  [1080.0, -6420.0],
  [1253.9, -6495.8],
  [1380.0, -6580.0],
  [1354.7, -6693.8],
  [1320.0, -6820.0],
  [1428.5, -6967.6],
  [1540.0, -7120.0],
  [1512.0, -7267.7],
  [1480.0, -7420.0],
  [1536.0, -7538.3],
  [1624.3, -7658.0],
  [1680.0, -7780.0],
  [1641.7, -7958.4],
  [1600.0, -8140.0],
  [1648.9, -8271.4],
  [1728.8, -8403.7],
  [1780.0, -8540.0],
  [1764.7, -8683.2],
  [1720.2, -8830.5],
  [1700.0, -8980.0],
  [1743.1, -9143.8],
  [1814.7, -9310.3],
  [1860.0, -9480.0],
  [1852.4, -9612.5],
  [1822.3, -9747.2],
  [1791.0, -9883.3],
  [1780.0, -10020.0],
  [1804.1, -10163.5],
  [1849.4, -10308.0],
  [1895.0, -10453.5],
  [1920.0, -10600.0],
  [1911.1, -10748.5],
  [1881.9, -10898.0],
  [1851.7, -11048.5],
  [1840.0, -11200.0],
  [1860.1, -11358.4],
  [1899.5, -11518.1],
  [1939.1, -11678.7],
  [1960.0, -11840.0],
  [1950.1, -12003.6],
  [1921.8, -12168.0],
  [1892.5, -12333.4],
  [1880.0, -12500.0],
  [1891.0, -12638.6],
  [1915.2, -12778.0],
  [1943.9, -12918.2],
  [1968.4, -13059.0],
  [1980.0, -13200.0],
  [1973.4, -13343.2],
  [1954.4, -13487.1],
  [1930.7, -13631.4],
  [1909.9, -13775.8],
  [1900.0, -13920.0],
  [1905.6, -14064.0],
  [1921.6, -14208.0],
  [1940.8, -14352.1],
  [1956.0, -14496.1],
  [1960.0, -14640.0],
  [1950.6, -14784.5],
  [1932.7, -14929.2],
  [1909.4, -15073.7],
  [1884.1, -15217.5],
  [1860.0, -15360.0],
  [1832.1, -15532.1],
  [1802.9, -15702.8],
  [1772.2, -15872.1],
  [1740.0, -16040.0],
  [1707.8, -16202.7],
  [1674.6, -16364.5],
  [1639.1, -16524.1],
  [1600.0, -16680.0],
  [1559.9, -16824.6],
  [1517.4, -16966.5],
  [1471.2, -17105.2],
  [1420.0, -17240.0],
  [1350.3, -17409.4],
  [1273.1, -17572.8],
  [1180.0, -17720.0],
  [1072.6, -17841.5],
  [950.9, -17948.5],
  [820.0, -18040.0],
  [681.1, -18114.6],
  [533.1, -18174.0],
  [380.0, -18220.0],
  [218.6, -18252.8],
  [51.9, -18271.5],
  [-120.0, -18280.0],
  [-265.5, -18279.4],
  [-415.0, -18271.4],
  [-567.0, -18257.6],
  [-720.0, -18240.0],
  [-883.3, -18217.4],
  [-1048.9, -18189.8],
  [-1215.0, -18157.3],
  [-1380.0, -18120.0],
  [-1547.7, -18077.9],
  [-1716.1, -18031.3],
  [-1881.4, -17979.0],
  [-2040.0, -17920.0],
  [-2189.8, -17858.9],
  [-2339.8, -17792.4],
  [-2474.9, -17719.8],
  [-2580.0, -17640.0],
  [-2684.1, -17511.2],
  [-2720.0, -17380.0],
  [-2636.0, -17253.2],
  [-2480.0, -17140.0],
  [-2349.3, -17074.6],
  [-2193.1, -17018.9],
  [-2025.4, -16968.7],
  [-1860.0, -16920.0],
  [-1725.2, -16882.2],
  [-1587.0, -16848.4],
  [-1448.1, -16815.5],
  [-1311.4, -16780.4],
  [-1180.0, -16740.0],
  [-1030.8, -16688.1],
  [-884.2, -16632.7],
  [-745.5, -16571.1],
  [-620.0, -16500.0],
  [-488.1, -16405.6],
  [-371.9, -16299.8],
  [-280.0, -16180.0],
  [-216.9, -16043.3],
  [-177.7, -15893.0],
  [-160.0, -15740.0],
  [-164.6, -15580.4],
  [-192.2, -15417.9],
  [-240.0, -15260.0],
  [-313.2, -15100.8],
  [-408.7, -14946.7],
  [-520.0, -14800.0],
  [-621.8, -14688.0],
  [-735.4, -14581.0],
  [-856.3, -14478.5],
  [-980.0, -14380.0],
  [-1109.4, -14283.8],
  [-1243.9, -14192.1],
  [-1381.5, -14104.4],
  [-1520.0, -14020.0],
  [-1659.9, -13940.8],
  [-1803.0, -13865.8],
  [-1944.5, -13792.9],
  [-2080.0, -13720.0],
  [-2242.9, -13637.0],
  [-2399.3, -13554.9],
  [-2520.0, -13460.0],
  [-2614.1, -13323.6],
  [-2640.0, -13180.0],
  [-2563.3, -13067.3],
  [-2422.6, -12956.6],
  [-2280.0, -12840.0],
  [-2172.0, -12737.1],
  [-2059.2, -12630.5],
  [-1951.8, -12518.7],
  [-1860.0, -12400.0],
  [-1789.0, -12277.6],
  [-1729.9, -12148.4],
  [-1680.9, -12015.0],
  [-1640.0, -11880.0],
  [-1607.8, -11743.1],
  [-1585.0, -11603.3],
  [-1569.7, -11461.8],
  [-1560.0, -11320.0],
  [-1560.7, -11175.6],
  [-1571.2, -11029.9],
  [-1581.2, -10884.3],
  [-1580.0, -10740.0],
  [-1568.0, -10597.5],
  [-1549.6, -10455.0],
  [-1521.5, -10315.0],
  [-1480.0, -10180.0],
  [-1417.0, -10050.2],
  [-1337.0, -9925.5],
  [-1253.5, -9803.1],
  [-1180.0, -9680.0],
  [-1091.2, -9526.0],
  [-1010.7, -9372.3],
  [-980.0, -9220.0],
  [-1025.7, -9063.5],
  [-1123.8, -8908.4],
  [-1240.0, -8760.0],
  [-1344.3, -8643.6],
  [-1463.4, -8532.2],
  [-1590.8, -8424.7],
  [-1720.0, -8320.0],
  [-1854.7, -8215.4],
  [-1994.4, -8114.3],
  [-2136.8, -8016.0],
  [-2280.0, -7920.0],
  [-2424.2, -7826.8],
  [-2570.5, -7736.2],
  [-2716.7, -7647.5],
  [-2860.0, -7560.0],
  [-3012.9, -7479.7],
  [-3177.7, -7401.8],
  [-3313.6, -7322.9],
  [-3380.0, -7240.0],
  [-3330.4, -7105.7],
  [-3200.0, -6980.0],
  [-3094.2, -6916.4],
  [-2964.4, -6864.3],
  [-2822.4, -6820.1],
  [-2680.0, -6780.0],
  [-2526.0, -6742.0],
  [-2365.9, -6711.2],
  [-2202.8, -6684.8],
  [-2040.0, -6660.0],
  [-1874.6, -6637.8],
  [-1707.3, -6619.2],
  [-1541.3, -6601.1],
  [-1380.0, -6580.0],
  [-1234.9, -6559.5],
  [-1092.4, -6538.8],
  [-953.8, -6513.8],
  [-820.0, -6480.0],
  [-657.4, -6425.6],
  [-502.0, -6359.7],
  [-360.0, -6280.0],
  [-239.5, -6191.9],
  [-130.9, -6091.8],
  [-40.0, -5980.0],
  [28.6, -5855.1],
  [79.9, -5718.8],
  [120.0, -5580.0],
  [151.0, -5441.7],
  [171.1, -5300.9],
  [180.0, -5160.0],
  [176.3, -5019.5],
  [161.6, -4878.9],
  [140.0, -4740.0],
  [114.6, -4603.2],
  [82.5, -4468.1],
  [40.0, -4340.0],
  [-38.6, -4171.5],
  [-140.0, -4020.0],
  [-271.7, -3890.3],
  [-420.0, -3780.0],
  [-572.4, -3696.0],
  [-720.0, -3620.0],
  [-840.3, -3555.2],
  [-920.0, -3480.0],
  [-860.0, -3280.0],
  [-790.7, -3154.7],
  [-720.0, -3020.0],
  [-671.6, -2855.8],
  [-640.0, -2680.0],
  [-626.9, -2549.8],
  [-621.3, -2415.4],
  [-620.0, -2280.0],
  [-623.3, -2141.1],
  [-631.1, -2001.1],
  [-640.0, -1860.0],
  [-649.3, -1714.1],
  [-659.6, -1567.0],
  [-670.0, -1420.0],
  [-680.7, -1273.0],
  [-691.5, -1125.9],
  [-700.0, -980.0],
  [-707.3, -837.6],
  [-712.5, -696.2],
  [-710.0, -560.0],
  [-699.2, -378.8],
  [-660.0, -220.0],
  [-581.9, -116.0],
  [-480.0, -40.0],
  [-361.9, 1.7],
  [-240.0, 20.0],
  [-60.0, 16.0],
]
